4 0.515872 0.518299 0.414142 0.165633
0 0.430092 0.189779 0.219958 0.114715
0 0.133737 0.138753 0.157902 0.0985216
0 0.202153 0.229 0.185947 0.119869
0 0.82316 0.290817 0.155216 0.0660889
0 0.479814 0.389238 0.371018 0.148155
0 0.551527 0.306069 0.150877 0.0634512
0 0.923001 0.337907 0.153999 0.0650642
0 0.390956 0.323548 0.134302 0.0542285
0 0.299062 0.329598 0.126611 0.0692671
0 0.178105 0.297518 0.148128 0.0898067
0 0.306817 0.388165 0.175101 0.0521671
0 0.121357 0.264639 0.180365 0.063715
0 0.162155 0.289225 0.182658 0.102161
0 0.0205025 0.268689 0.041005 0.0552371
0 0.88412 0.681727 0.10444 0.21348
0 0.295341 0.53334 0.092439 0.0902546
