0 0.814563 0.524221 0.0903311 0.146353
0 0.912823 0.40856 0.0935 0.15905
6 0.166721 0.482246 0.116518 0.362347
0 0.619495 0.645038 0.0506092 0.293111
4 0.401502 0.793058 0.0718201 0.406678
0 0.507057 0.767194 0.0378506 0.240532
0 0.286034 0.771848 0.0224307 0.0665586
0 0.224352 0.70139 0.0629722 0.054656
0 0.206779 0.650818 0.0224571 0.0379715
0 0.166546 0.719371 0.0170322 0.0328702
0 0.245239 0.970131 0.0153411 0.050734
0 0.123169 0.697454 0.0470906 0.0543514
4 0.348856 0.615914 0.0637183 0.123119
0 0.945257 0.187189 0.0382538 0.110092
0 0.67234 0.65122 0.0662923 0.267175
6 0.122702 0.697315 0.0454912 0.054196
0 0.232425 0.648671 0.0127152 0.0313563
0 0.332442 0.768776 0.010901 0.0593767
0 0.241185 0.970772 0.0230643 0.0531052
