1 0.2091 0.49307 0.227049 0.113532
1 0.802633 0.440333 0.201138 0.0953195
1 0.441859 0.106787 0.230174 0.107133
1 0.300186 0.375376 0.263761 0.120443
1 0.49932 0.652928 0.220665 0.103981
1 0.807817 0.801498 0.184876 0.126139
1 0.317643 0.728997 0.106692 0.0671343
1 0.618094 0.585479 0.190599 0.119783
1 0.59119 0.27098 0.189709 0.143391
1 0.635804 0.347829 0.19918 0.0689503
1 0.187361 0.76102 0.16259 0.0626373
1 0.167141 0.659082 0.111687 0.0907789
1 0.0728979 0.179629 0.14213 0.145654
1 0.104375 0.324529 0.206176 0.123568
1 0.872863 0.386186 0.219236 0.089941
1 0.459517 0.808036 0.299423 0.122561
1 0.937979 0.541892 0.122032 0.0750187
1 0.528669 0.518754 0.160009 0.0649715
1 0.127428 0.1001 0.171503 0.112741
1 0.891297 0.605767 0.21708 0.0538198
1 0.0522162 0.625127 0.0981762 0.0879946
1 0.216858 0.874621 0.180316 0.07414
1 0.103836 0.714663 0.202369 0.108699
1 0.426312 0.208537 0.168698 0.0768789
1 0.480171 0.435834 0.146294 0.0472863
1 0.923286 0.320604 0.153427 0.152431
1 0.947646 0.239456 0.104023 0.0473433
1 0.642037 0.754143 0.139875 0.0764534
1 0.68579 0.915082 0.200616 0.120248
1 0.366396 0.273736 0.211821 0.106665
1 0.355826 0.597645 0.200905 0.0824165
1 0.0372962 0.763561 0.0720142 0.0600466
1 0.48137 0.734699 0.209558 0.0759687
1 0.663664 0.808236 0.122337 0.0438461
1 0.196415 0.294113 0.187085 0.13164
1 0.782081 0.878248 0.0869429 0.0335045
1 0.48504 0.380037 0.119245 0.0863887
1 0.122045 0.727007 0.163834 0.0785377
1 0.0618679 0.867868 0.11868 0.0922149
1 0.264298 0.908593 0.0928981 0.0590595
1 0.751589 0.96393 0.145595 0.0721393
