0 0.612462 0.382966 0.144279 0.10585
4 0.475344 0.562447 0.605767 0.262905
0 0.778258 0.49344 0.183164 0.0938797
4 0.42582 0.948836 0.305779 0.102328
0 0.310594 0.372812 0.119319 0.151668
0 0.87222 0.680995 0.237321 0.101224
0 0.771094 0.710703 0.161961 0.073077
0 0.136311 0.591944 0.102745 0.0480791
4 0.246406 0.828698 0.24626 0.0680126
0 0.929077 0.436997 0.141562 0.060495
0 0.93679 0.572265 0.126419 0.0785778
0 0.0357609 0.52082 0.0715219 0.032733
0 0.388088 0.324955 0.0807093 0.165785
0 0.683911 0.479783 0.103843 0.0460392
