0 0.482082 0.192268 0.185595 0.0639693
0 0.773794 0.15376 0.167755 0.0580786
0 0.803353 0.226968 0.224664 0.0677632
0 0.289779 0.169908 0.168603 0.0917976
0 0.294681 0.221195 0.200977 0.0613185
0 0.104729 0.109387 0.209458 0.139285
0 0.5669 0.221556 0.160871 0.0473373
0 0.759216 0.308272 0.249931 0.0585694
0 0.854906 0.176 0.144256 0.0467964
4 0.807174 0.571002 0.377882 0.128616
4 0.943184 0.429575 0.113633 0.115885
4 0.536163 0.466954 0.145438 0.104504
0 0.170484 0.0284592 0.195331 0.0569184
1 0.421801 0.0224515 0.11789 0.0448894
4 0.759973 0.308598 0.252819 0.0584978
1 0.181517 0.0286219 0.173032 0.0572372
