0 0.770219 0.737755 0.0937646 0.0622082
0 0.699297 0.257662 0.23693 0.0680897
0 0.659551 0.454399 0.0953929 0.0417403
4 0.921583 0.607031 0.155155 0.0701695
0 0.791264 0.432854 0.0823415 0.0511413
0 0.81998 0.488572 0.107678 0.0534567
0 0.858486 0.444922 0.0571361 0.0369898
0 0.37565 0.487596 0.103149 0.03633
0 0.458504 0.557371 0.101123 0.0480741
4 0.64352 0.580406 0.138346 0.0588162
0 0.527369 0.470257 0.0993565 0.0435348
0 0.324126 0.467734 0.0746919 0.0252525
0 0.540822 0.901227 0.170827 0.110946
0 0.573735 0.440171 0.0764037 0.0257464
4 0.451512 0.497849 0.0907664 0.0386591
0 0.236358 0.510224 0.0398608 0.0309655
0 0.661908 0.165795 0.129458 0.0510766
