0 0.81102 0.532893 0.0440868 0.0699006
0 0.44671 0.335188 0.0683652 0.0499555
0 0.832988 0.324729 0.0403695 0.0341448
0 0.901476 0.720374 0.0386436 0.0229909
0 0.853982 0.879104 0.0340881 0.0384615
0 0.252035 0.472836 0.05416 0.0334793
0 0.320968 0.382181 0.0642546 0.0484399
0 0.904059 0.288994 0.0417717 0.0254748
0 0.616561 0.592265 0.0366613 0.0221797
0 0.45652 0.371129 0.065337 0.0442671
0 0.263384 0.512193 0.0516282 0.0283711
0 0.626523 0.658005 0.0387039 0.0286743
0 0.881173 0.455045 0.0297962 0.0219003
0 0.965692 0.317654 0.0234476 0.0264751
4 0.31645 0.271994 0.0767275 0.153526
0 0.713583 0.214791 0.024644 0.0189323
0 0.378372 0.725499 0.0294039 0.0228626
0 0.107727 0.496298 0.0202049 0.0303565
0 0.256906 0.707246 0.0191648 0.0346329
0 0.952062 0.534983 0.0126488 0.0335712
0 0.405927 0.469206 0.0163873 0.0276627
0 0.374543 0.699307 0.0287419 0.0199536
0 0.960039 0.182185 0.012348 0.0315779
0 0.985151 0.581635 0.0259458 0.0272425
0 0.853888 0.229771 0.0201454 0.0193427
0 0.316183 0.272406 0.0751515 0.151686
