4 0.583693 0.328234 0.10297 0.355197
4 0.179792 0.337408 0.121661 0.204044
4 0.678176 0.811054 0.101512 0.377892
4 0.580451 0.786731 0.0788231 0.424342
0 0.1802 0.554115 0.0486156 0.033418
0 0.833951 0.894842 0.028482 0.0668913
0 0.208881 0.817098 0.0454828 0.0201897
0 0.0258245 0.57026 0.0316005 0.0163255
0 0.171375 0.901769 0.0340212 0.0634054
0 0.276523 0.655146 0.0212809 0.0331705
0 0.00487791 0.90609 0.00963399 0.0619596
0 0.358184 0.466464 0.0216747 0.0539036
0 0.163994 0.899965 0.0362215 0.0740733
0 0.177398 0.858999 0.0396647 0.0218233
