4 0.666224 0.611934 0.106836 0.41826
4 0.239337 0.473855 0.136556 0.212057
4 0.559604 0.625952 0.0812823 0.388048
4 0.546182 0.197564 0.0922149 0.349771
0 0.828391 0.907156 0.0337262 0.0594136
0 0.187775 0.885318 0.0372318 0.0253724
0 0.164928 0.937295 0.0469597 0.08041
0 0.185833 0.578212 0.0483561 0.0263612
0 0.222345 0.832909 0.0455798 0.032149
4 0.332401 0.467581 0.0423656 0.123751
0 0.244449 0.705399 0.0204948 0.0228326
0 0.159971 0.947349 0.0453975 0.0640068
0 0.203437 0.562922 0.0400768 0.0226099
0 0.0243683 0.59754 0.0275981 0.0197951
