1 0.553484 0.272573 0.104716 0.157965
1 0.515705 0.496687 0.0601729 0.0774781
1 0.0518004 0.306168 0.0967906 0.136914
1 0.971721 0.397379 0.0546105 0.0723233
1 0.0817627 0.178028 0.0767862 0.0996063
1 0.365977 0.493735 0.0961447 0.140417
1 0.179337 0.453005 0.0797803 0.110423
1 0.512058 0.407736 0.0775189 0.115183
1 0.422072 0.548053 0.0858439 0.0946795
1 0.681382 0.336015 0.175112 0.15794
1 0.245495 0.513574 0.088349 0.128673
1 0.483375 0.325573 0.0715916 0.0742424
1 0.582834 0.412987 0.055329 0.112225
1 0.240283 0.236913 0.153871 0.16899
1 0.097919 0.451655 0.0701601 0.0998528
1 0.39232 0.361196 0.13461 0.12542
1 0.773352 0.205648 0.0780481 0.0749968
1 0.920935 0.591205 0.0774845 0.0513428
1 0.899106 0.446175 0.129163 0.217467
1 0.218285 0.401012 0.0711245 0.0533105
1 0.469312 0.224063 0.0554022 0.160399
1 0.316492 0.360438 0.0653276 0.0734452
1 0.821509 0.457213 0.0549366 0.0697891
1 0.305373 0.154417 0.0548379 0.0383109
1 0.972252 0.473056 0.055495 0.114805
1 0.820912 0.280528 0.229855 0.109324
1 0.0226217 0.253959 0.0452434 0.0991149
1 0.702045 0.523822 0.108925 0.165158
1 0.785903 0.276904 0.158997 0.114738
1 0.425179 0.239124 0.0793194 0.135459
1 0.626717 0.5627 0.135329 0.0813543
1 0.289335 0.48238 0.0597765 0.119941
1 0.194531 0.338373 0.0650087 0.0764692
1 0.0758176 0.36606 0.0622821 0.0709591
1 0.0238895 0.290782 0.0477791 0.175738
1 0.191965 0.583107 0.0503769 0.020914
1 0.866325 0.299507 0.138811 0.133414
