1 0.290295 0.508923 0.196122 0.107843
1 0.760076 0.768321 0.214053 0.137453
1 0.313646 0.90833 0.137201 0.0994335
1 0.857056 0.285955 0.266599 0.200009
1 0.462258 0.10686 0.177144 0.184035
1 0.119969 0.452786 0.129676 0.109765
1 0.493783 0.848261 0.162208 0.0890958
1 0.584571 0.584859 0.163345 0.079579
1 0.491647 0.414393 0.185654 0.0797369
1 0.540819 0.312371 0.238187 0.116144
1 0.286011 0.315847 0.107604 0.141784
1 0.226061 0.721708 0.103771 0.113392
1 0.0762245 0.618806 0.0663393 0.0789188
1 0.167309 0.68221 0.102926 0.0610642
1 0.970256 0.457852 0.0580932 0.140039
1 0.489509 0.468199 0.144677 0.0638494
