2 0.312396 0.583657 0.0885213 0.117702
2 0.739024 0.520999 0.0462042 0.0615242
2 0.709203 0.477105 0.0278974 0.0289341
2 0.372727 0.486654 0.0729433 0.0512547
2 0.556169 0.483626 0.042717 0.0510824
2 0.211742 0.484687 0.0458705 0.0564436
2 0.249121 0.482025 0.0259742 0.0491402
2 0.46831 0.454043 0.0323584 0.0363342
2 0.417996 0.484745 0.0407906 0.0459813
2 0.606007 0.481222 0.0336497 0.0464435
2 0.805663 0.50772 0.0413921 0.0616522
2 0.327615 0.475283 0.0327329 0.0287041
2 0.325932 0.761184 0.304292 0.0654202
2 0.748829 0.478346 0.0235507 0.0260952
2 0.795337 0.504294 0.0336799 0.060121
2 0.84486 0.489293 0.030579 0.0402932
2 0.459408 0.487857 0.0357383 0.045813
2 0.642031 0.490857 0.0379275 0.0216341
2 0.854883 0.490073 0.0481478 0.04052
