2 0.35242 0.715235 0.464158 0.170495
2 0.619392 0.608896 0.206879 0.0963913
2 0.172734 0.320497 0.0862583 0.0800229
2 0.804648 0.567571 0.289177 0.0748425
2 0.501907 0.49788 0.225732 0.0440351
2 0.377799 0.311363 0.0561377 0.0856977
2 0.0478946 0.280672 0.0534718 0.0617775
2 0.896185 0.471024 0.171305 0.0655216
2 0.737061 0.297012 0.0366417 0.0628817
2 0.247727 0.302379 0.0336404 0.0301792
2 0.896217 0.308469 0.0270342 0.0277106
2 0.856002 0.310134 0.0326178 0.0264203
2 0.326409 0.296106 0.0323862 0.0262183
2 0.521913 0.330539 0.0280733 0.0511767
0 0.841713 0.976981 0.103774 0.0460388
2 0.799737 0.304031 0.0323415 0.0396149
