0 0.568539 0.453259 0.114448 0.163691
0 0.892975 0.924338 0.0975235 0.0738606
0 0.0387332 0.231496 0.0774663 0.12187
0 0.331941 0.623591 0.0609396 0.0526606
0 0.941386 0.385921 0.0878676 0.0564141
0 0.863918 0.571277 0.102394 0.064284
0 0.281719 0.472645 0.0852821 0.0640086
0 0.775239 0.341332 0.0548533 0.0644102
0 0.637836 0.415336 0.093106 0.0548924
0 0.641788 0.511055 0.0498919 0.0784349
0 0.150085 0.53291 0.0638502 0.0739145
0 0.510304 0.457271 0.0947552 0.0507282
0 0.438818 0.269884 0.0368767 0.0386262
0 0.707402 0.882582 0.095226 0.0666618
0 0.440585 0.495505 0.0720823 0.0431653
0 0.0707866 0.430063 0.0877795 0.0594317
0 0.883877 0.403123 0.0414364 0.070067
0 0.153185 0.399183 0.0650203 0.0415823
0 0.305602 0.361164 0.0896345 0.0517894
0 0.217612 0.464732 0.0615123 0.0533824
0 0.187226 0.201909 0.177452 0.0851196
0 0.413458 0.410344 0.0986765 0.0468388
0 0.122036 0.338336 0.076401 0.0476208
0 0.300263 0.315557 0.0844523 0.0592464
0 0.0337118 0.356799 0.0674237 0.0990956
0 0.190821 0.333983 0.065275 0.0606174
0 0.865584 0.555113 0.0996814 0.0955415
0 0.440083 0.38286 0.0743521 0.0551878
0 0.969867 0.760496 0.0582426 0.0567358
0 0.923993 0.961347 0.103252 0.052693
0 0.0638043 0.487541 0.0975651 0.0636057
0 0.623795 0.69755 0.0662353 0.0481153
0 0.714367 0.64476 0.0753968 0.062972
0 0.434922 0.32669 0.0523495 0.0398317
0 0.434478 0.374259 0.0870346 0.0640279
0 0.566989 0.574323 0.0760196 0.0582985
0 0.507438 0.308835 0.0740502 0.049733
0 0.452095 0.351335 0.039718 0.0270148
0 0.359099 0.14961 0.0850327 0.0522141
