1 0.499423 0.468063 0.147169 0.100916
1 0.278337 0.506631 0.159915 0.088156
1 0.954621 0.657134 0.0907586 0.107321
1 0.711755 0.619393 0.145859 0.0636208
1 0.0820496 0.830253 0.16323 0.126454
1 0.202443 0.945222 0.129233 0.0931919
1 0.400121 0.220754 0.175254 0.0985211
1 0.565024 0.340941 0.143289 0.0653171
1 0.0539693 0.35248 0.107939 0.0971512
1 0.0657333 0.463127 0.131454 0.0876486
1 0.669025 0.887176 0.114906 0.116939
1 0.135084 0.0448011 0.201084 0.0895179
1 0.29662 0.36278 0.216231 0.124525
1 0.0368264 0.96765 0.0736528 0.0643831
1 0.121307 0.518299 0.162507 0.0988722
1 0.347132 0.12714 0.0855457 0.109785
1 0.48671 0.812554 0.117923 0.0759479
1 0.977925 0.176432 0.04415 0.0530479
